12.951907
12.460279
12.153429
12.348195
12.375259
12.193453
12.331151
12.066147
12.093841
12.048702
13.026793
12.707398
12.745683
12.877476
12.702374
12.406663
12.445873
12.580808
12.401516
12.125973
12.166087
12.304091
13.325086
13.283666
13.012994
13.013015
13.150910
13.142127
12.970598
12.719506
12.860550
12.851569
12.580811
13.434999
13.150914
11.813717
12.178584
12.074078
12.809085
12.536476
12.614757
12.313023
12.392715
11.492366
11.479897
11.307302
11.863887
11.816398
11.790267
11.670089
11.653349
11.686899
12.446550
12.389739
12.221454
12.175359
12.207475
11.986978
12.005681
11.923721
12.367956
